image: 2d_map.pgm
resolution: 0.050000000000000003
origin: [-10.394742965698242, -7.8126087188720703, 0]
negate: 0
occupied_thresh: 0.65000000000000002
free_thresh: 0.19600000000000001