image: map_bag_3.pgm
resolution: 0.050000000000000003
origin: [-6.0781702995300293, -14.703742980957031, 0]
negate: 0
occupied_thresh: 0.65000000000000002
free_thresh: 0.19600000000000001