image: map_bag_4.pgm
resolution: 0.050000000000000003
origin: [-5.3342862129211426, -14.595661163330078, 0]
negate: 0
occupied_thresh: 0.65000000000000002
free_thresh: 0.19600000000000001