image: map_bag_6.pgm
resolution: 0.050000000000000003
origin: [-4.8567662239074707, -14.229142189025879, 0]
negate: 0
occupied_thresh: 0.65000000000000002
free_thresh: 0.19600000000000001